Count   Bubble   Insertion   Selection
100      0.000     0.000       0.000
1000     0.057     0.026       0.018
2000     0.246     0.102       0.105
3000     0.488     0.259       0.207
4000     0.836     0.404       0.409
5000     1.354     0.815       0.549
6000     2.247     0.941       0.750
7000     3.080     1.321       0.970
8000     4.021     1.686       1.278
9000     4.681     2.136       1.425
10000    5.701     2.567       1.716
15000    12.699   6.207        4.196
20000    35.784   10.484      7.317
30000               23.893      15.246
40000               40.613      27.774
50000               63.781      43.077

Nearly Sorted Data

Count   Bubble   Insertion   Selection
100      0.000     0.000       0.000
1000     0.030     0.004       0.013
2000     0.119     0.009       0.056
3000     0.257     0.011       0.127
4000     0.456     0.017       0.216
5000     0.725     0.019       0.418
6000     1.067     0.022       0.621
7000     1.431     0.028       0.883
8000     1.932     0.037       1.066
9000     2.450     0.036       1.289
10000    2.971     0.047       1.904
15000    6.725     0.066       3.940
20000    12.444    0.081       6.765
30000    30.426    0.126       14.712 
40000    55.086    0.159       30.676
50000    82.679    0.209       40.784